blue 4.obj -5.141063928604125977e-01 -5.489115789532661438e-02 2.598390541970729828e-02 0.0 0.0 0.0
block 4.obj -5.641063928604125977e-01 -5.489115789532661438e-02 2.598390541970729828e-02 0.0 0.0 0.0
block 4.obj -4.641063928604125977e-01 -5.489115789532661438e-02 2.598390541970729828e-02 0.0 0.0 0.0
block 4.obj -5.141063928604125977e-01 -4.89115789532661438e-03 2.598390541970729828e-02 0.0 0.0 0.0
block 4.obj -5.641063928604125977e-01 -4.89115789532661438e-03 2.598390541970729828e-02 0.0 0.0 0.0
block 4.obj -4.641063928604125977e-01 -4.89115789532661438e-03 2.598390541970729828e-02 0.0 0.0 0.0
block 4.obj -5.141063928604125977e-01 -1.0489115789532661438e-01 2.598390541970729828e-02 0.0 0.0 0.0
block 4.obj -5.641063928604125977e-01 -1.0489115789532661438e-01 2.598390541970729828e-02 0.0 0.0 0.0
block 4.obj -4.641063928604125977e-01 -1.0489115789532661438e-01 2.598390541970729828e-02 0.0 0.0 0.0
block 6.obj -3.675832748413085938e-01 -1.638889312744140625e-01 2.598859928548336029e-02 -1.570952773094177246e+00 1.084771871566772461e+00 2.603076791274361312e-05
block 4.obj -6.397640705108642578e-01 -2.226434880867600441e-03 2.598517760634422302e-02 -1.573444962501525879e+00 -1.028648018836975098e+00 3.138411283493041992e+00
