block 8.obj -4.245322346687316895e-01 1.109564080834388733e-01 2.599130570888519287e-02 1.570711135864257812e+00 -3.478856086730957031e-01 -1.570879817008972168e+00
block 1.obj -4.349908232688903809e-01 1.340862512588500977e-01 2.599070407450199127e-02 -1.570894956588745117e+00 1.133750438690185547e+00 -3.141397953033447266e+00
block 1.obj -4.121479988098144531e-01 8.599521219730377197e-02 2.599549852311611176e-02 -1.570825695991516113e+00 1.094680905342102051e+00 -1.790102396626025438e-04
block 3.obj -3.876567780971527100e-01 1.192543134093284607e-01 6.549777090549468994e-02 1.570569753646850586e+00 4.557443559169769287e-01 -1.570970296859741211e+00
block 3.obj -4.436619877815246582e-01 9.425212442874908447e-02 6.549777835607528687e-02 1.570795774459838867e+00 3.749473989009857178e-01 -1.570709228515625000e+00
block 3.obj -4.090377688407897949e-01 1.020805835723876953e-01 9.249918162822723389e-02 1.570851206779479980e+00 2.752924859523773193e-01 -1.570926666259765625e+00
block 1.obj -3.639743328094482422e-01 -9.139187633991241455e-02 2.599760517477989197e-02 -1.570757985115051270e+00 1.093215227127075195e+00 3.141522169113159180e+00
block 1.obj -3.424759507179260254e-01 -1.387691646814346313e-01 2.599836885929107666e-02 -1.570845961570739746e+00 1.094158887863159180e+00 -6.638700870098546147e-05
block 3.obj -3.231686651706695557e-01 -1.029012203216552734e-01 6.549797207117080688e-02 1.570815920829772949e+00 3.504411876201629639e-01 -1.571144342422485352e+00
block 3.obj -3.719404041767120361e-01 -1.242474913597106934e-01 6.549274176359176636e-02 1.570795059204101562e+00 3.276249766349792480e-01 -1.570527195930480957e+00
block 3.obj -3.443870246410369873e-01 -1.192955523729324341e-01 9.248442202806472778e-02 1.570443511009216309e+00 3.208102583885192871e-01 -1.573399782180786133e+00
orange 2.obj -5.602208971977233887e-01 -6.621519476175308228e-02 1.347689796239137650e-02 -1.569298624992370605e+00 -9.916889667510986328e-01 -1.570251345634460449e+00
block 2.obj -5.608860254287719727e-01 -6.569218635559082031e-02 4.049490764737129211e-02 -1.573682427406311035e+00 -9.935607910156250000e-01 -1.575776576995849609e+00
block 4.obj -5.328438282012939453e-01 -2.165219560265541077e-02 2.599036321043968201e-02 -1.574183106422424316e+00 -9.977408647537231445e-01 3.137369155883789062e+00
block 4.obj -6.030702590942382812e-01 -3.468898683786392212e-02 2.598319947719573975e-02 -1.574769854545593262e+00 -1.001617670059204102e+00 3.136743545532226562e+00
block 4.obj -5.177676081657409668e-01 -9.648114442825317383e-02 2.599073573946952820e-02 -1.572357058525085449e+00 -9.936175346374511719e-01 3.139926195144653320e+00
block 4.obj -5.886930823326110840e-01 -1.102736964821815491e-01 2.597688697278499603e-02 -1.571564793586730957e+00 -1.012261271476745605e+00 3.140817642211914062e+00
