green 2.obj -5.602208971977233887e-01 -6.621519476175308228e-02 1.347689796239137650e-02 -1.569298624992370605e+00 -9.916889667510986328e-01 -1.570251345634460449e+00
block 2.obj -5.608860254287719727e-01 -6.569218635559082031e-02 4.049490764737129211e-02 -1.573682427406311035e+00 -9.935607910156250000e-01 -1.575776576995849609e+00
block 4.obj -5.328438282012939453e-01 -2.165219560265541077e-02 2.599036321043968201e-02 -1.574183106422424316e+00 -9.977408647537231445e-01 3.137369155883789062e+00
block 4.obj -6.030702590942382812e-01 -3.468898683786392212e-02 2.598319947719573975e-02 -1.574769854545593262e+00 -1.001617670059204102e+00 3.136743545532226562e+00
block 4.obj -5.177676081657409668e-01 -9.648114442825317383e-02 2.599073573946952820e-02 -1.572357058525085449e+00 -9.936175346374511719e-01 3.139926195144653320e+00
block 4.obj -5.886930823326110840e-01 -1.102736964821815491e-01 2.597688697278499603e-02 -1.571564793586730957e+00 -1.012261271476745605e+00 3.140817642211914062e+00
block 2.obj -3.904144465923309326e-01 6.468990445137023926e-02 1.349977403879165649e-02 -1.570001721382141113e+00 -5.444593429565429688e-01 -1.570655941963195801e+00
block 2.obj -3.906849324703216553e-01 6.488749384880065918e-02 4.047784954309463501e-02 -1.571505904197692871e+00 -5.518662929534912109e-01 -1.571308374404907227e+00
block 4.obj -3.466466367244720459e-01 9.348472207784652710e-02 2.598324976861476898e-02 -1.571798443794250488e+00 -5.625950098037719727e-01 3.140451669692993164e+00
block 4.obj -4.155651628971099854e-01 1.110848039388656616e-01 2.599581703543663025e-02 -1.572318673133850098e+00 -5.651086568832397461e-01 3.140244960784912109e+00
block 4.obj -3.645847439765930176e-01 1.939023472368717194e-02 2.598718740046024323e-02 -1.572406291961669922e+00 -5.445880889892578125e-01 3.139824628829956055e+00
block 4.obj -4.347709715366363525e-01 3.667936846613883972e-02 2.599231339991092682e-02 -1.572030901908874512e+00 -5.638200044631958008e-01 3.140753984451293945e+00
